3 3 3 1 1 1
2 2 2
162
0
0
0
2
2
2
1
1
1
10
0.49
0
0
0
0
0
0
0
1
1
1
1
1
0
0
116
0
0
0
0.666667
0
0
0
1
1
1
0
0
1
0
0
0
0
0
1.33333
0
0
0
1
1
1
0
0
1
0
0
0
0
0
2
0
0
0
1
1
1
0
0
1
0
0
0
0
0.666667
0
0
0
0
1
1
1
0
0
1
0
0
0
0
0.666667
0.666667
0
0
0
1
1
1
0
0
1
0
0
0
0
0.666667
1.33333
0
0
0
1
1
1
0
0
1
0
0
0
0
0.666667
2
0
0
0
1
1
1
0
0
1
0
0
0
0
1.33333
0
0
0
0
1
1
1
0
0
1
0
0
0
0
1.33333
0.666667
0
0
0
1
1
1
0
0
1
0
0
0
0
1.33333
1.33333
0
0
0
1
1
1
0
0
1
0
0
0
0
1.33333
2
0
0
0
1
1
1
0
0
1
0
0
0
0
2
0
0
0
0
1
1
1
0
0
1
0
0
0
0
2
0.666667
0
0
0
1
1
1
0
0
1
0
0
0
0
2
1.33333
0
0
0
1
1
1
0
0
1
0
0
0
0
2
2
0
0
0
1
1
1
0
0
1
0
0
0
0.666667
0
0
0
0
0
1
1
1
0
0
1
0
0
0
0.666667
0
0.666667
0
0
0
1
1
1
0
0
1
0
0
0
0.666667
0
1.33333
0
0
0
1
1
1
0
0
1
0
0
0
0.666667
0
2
0
0
0
1
1
1
0
0
1
0
0
0
0.666667
0.666667
0
0
0
0
1
1
1
0
0
1
0
0
0
0.666667
0.666667
0.666667
1.58456e+29
-3.18696e-58
5.4348e-312
0
0
0
0
0
1
0
0
0
0.666667
0.666667
1.33333
-9.12711e+192
3.18503e-294
4.8973e-299
0
0
0
0
0
1
0
0
0
0.666667
0.666667
2
0
0
0
1
1
1
0
0
1
0
0
0
0.666667
1.33333
0
0
0
0
1
1
1
0
0
1
0
0
0
0.666667
1.33333
0.666667
7.35521e-304
7.29291e-304
5.01941e+284
0
0
0
0
0
1
0
0
0
0.666667
1.33333
1.33333
4.94902e+173
1.03846e+34
7.55814e-304
0
0
0
0
0
1
0
0
0
0.666667
1.33333
2
0
0
0
1
1
1
0
0
1
0
0
0
0.666667
2
0
0
0
0
1
1
1
0
0
1
0
0
0
0.666667
2
0.666667
0
0
0
1
1
1
0
0
1
0
0
0
0.666667
2
1.33333
0
0
0
1
1
1
0
0
1
0
0
0
0.666667
2
2
0
0
0
1
1
1
0
0
1
0
0
0
1.33333
0
0
0
0
0
1
1
1
0
0
1
0
0
0
1.33333
0
0.666667
0
0
0
1
1
1
0
0
1
0
0
0
1.33333
0
1.33333
0
0
0
1
1
1
0
0
1
0
0
0
1.33333
0
2
0
0
0
1
1
1
0
0
1
0
0
0
1.33333
0.666667
0
0
0
0
1
1
1
0
0
1
0
0
0
1.33333
0.666667
0.666667
7.47273e-304
2.05377e-289
-3.66228e+154
0
0
0
0
0
1
0
0
0
1.33333
0.666667
1.33333
-4.44312e+125
7.33745e-304
3.13381e-294
0
0
0
0
0
1
0
0
0
1.33333
0.666667
2
0
0
0
1
1
1
0
0
1
0
0
0
1.33333
1.33333
0
0
0
0
1
1
1
0
0
1
0
0
0
1.33333
1.33333
0.666667
-2.13528e-260
5.44856e-312
4.07763e+231
0
0
0
0
0
1
0
0
0
1.33333
1.33333
1.33333
1.05825e+299
3.26761e-294
7.49765e-304
0
0
0
0
0
1
0
0
0
1.33333
1.33333
2
0
0
0
1
1
1
0
0
1
0
0
0
1.33333
2
0
0
0
0
1
1
1
0
0
1
0
0
0
1.33333
2
0.666667
0
0
0
1
1
1
0
0
1
0
0
0
1.33333
2
1.33333
0
0
0
1
1
1
0
0
1
0
0
0
1.33333
2
2
0
0
0
1
1
1
0
0
1
0
0
0
2
0
0
0
0
0
1
1
1
0
0
1
0
0
0
2
0
0.666667
0
0
0
1
1
1
0
0
1
0
0
0
2
0
1.33333
0
0
0
1
1
1
0
0
1
0
0
0
2
0
2
0
0
0
1
1
1
0
0
1
0
0
0
2
0.666667
0
0
0
0
1
1
1
0
0
1
0
0
0
2
0.666667
0.666667
0
0
0
1
1
1
0
0
1
0
0
0
2
0.666667
1.33333
0
0
0
1
1
1
0
0
1
0
0
0
2
0.666667
2
0
0
0
1
1
1
0
0
1
0
0
0
2
1.33333
0
0
0
0
1
1
1
0
0
1
0
0
0
2
1.33333
0.666667
0
0
0
1
1
1
0
0
1
0
0
0
2
1.33333
1.33333
0
0
0
1
1
1
0
0
1
0
0
0
2
1.33333
2
0
0
0
1
1
1
0
0
1
0
0
0
2
2
0
0
0
0
1
1
1
0
0
1
0
0
0
2
2
0.666667
0
0
0
1
1
1
0
0
1
0
0
0
2
2
1.33333
0
0
0
1
1
1
0
0
1
0
0
0
2
2
2
0
0
0
1
1
1
0
0
1
0
0
0
17
5
21
16
0.5
0.333333
0.5
1
1
1
0.0493827
10
0.49
4
20
21
16
0.5
0.5
0.166667
1
1
1
0.0493827
10
0.49
4
21
5
16
0.333333
0.5
0.333333
1
1
1
0.0493827
10
0.49
1
5
17
0
0.166667
0.166667
0.5
1
1
1
0.0493827
10
0.49
16
17
5
0
0.333333
0.166667
0.333333
1
1
1
0.0493827
10
0.49
16
5
4
0
0.166667
0.333333
0.166667
1
1
1
0.0493827
10
0.49
18
6
22
17
0.5
0.333333
1.16667
1
1
1
0.0493827
10
0.49
5
21
22
17
0.5
0.5
0.833333
1
1
1
0.0493827
10
0.49
5
22
6
17
0.333333
0.5
1
1
1
1
0.0493827
10
0.49
2
6
18
1
0.166667
0.166667
1.16667
1
1
1
0.0493827
10
0.49
17
18
6
1
0.333333
0.166667
1
1
1
1
0.0493827
10
0.49
17
6
5
1
0.166667
0.333333
0.833333
1
1
1
0.0493827
10
0.49
19
7
23
18
0.5
0.333333
1.83333
1
1
1
0.0493827
10
0.49
6
22
23
18
0.5
0.5
1.5
1
1
1
0.0493827
10
0.49
6
23
7
18
0.333333
0.5
1.66667
1
1
1
0.0493827
10
0.49
3
7
19
2
0.166667
0.166667
1.83333
1
1
1
0.0493827
10
0.49
18
19
7
2
0.333333
0.166667
1.66667
1
1
1
0.0493827
10
0.49
18
7
6
2
0.166667
0.333333
1.5
1
1
1
0.0493827
10
0.49
21
9
25
20
0.5
1
0.5
1
1
1
0.0493827
10
0.49
8
24
25
20
0.5
1.16667
0.166667
1
1
1
0.0493827
10
0.49
8
25
9
20
0.333333
1.16667
0.333333
1
1
1
0.0493827
10
0.49
5
9
21
4
0.166667
0.833333
0.5
1
1
1
0.0493827
10
0.49
20
21
9
4
0.333333
0.833333
0.333333
1
1
1
0.0493827
10
0.49
20
9
8
4
0.166667
1
0.166667
1
1
1
0.0493827
10
0.49
22
10
26
21
0.5
1
1.16667
1
1
1
0.0493827
10
0.49
9
25
26
21
0.5
1.16667
0.833333
1
1
1
0.0493827
10
0.49
9
26
10
21
0.333333
1.16667
1
1
1
1
0.0493827
10
0.49
6
10
22
5
0.166667
0.833333
1.16667
1
1
1
0.0493827
10
0.49
21
22
10
5
0.333333
0.833333
1
1
1
1
0.0493827
10
0.49
21
10
9
5
0.166667
1
0.833333
1
1
1
0.0493827
10
0.49
23
11
27
22
0.5
1
1.83333
1
1
1
0.0493827
10
0.49
10
26
27
22
0.5
1.16667
1.5
1
1
1
0.0493827
10
0.49
10
27
11
22
0.333333
1.16667
1.66667
1
1
1
0.0493827
10
0.49
7
11
23
6
0.166667
0.833333
1.83333
1
1
1
0.0493827
10
0.49
22
23
11
6
0.333333
0.833333
1.66667
1
1
1
0.0493827
10
0.49
22
11
10
6
0.166667
1
1.5
1
1
1
0.0493827
10
0.49
25
13
29
24
0.5
1.66667
0.5
1
1
1
0.0493827
10
0.49
12
28
29
24
0.5
1.83333
0.166667
1
1
1
0.0493827
10
0.49
12
29
13
24
0.333333
1.83333
0.333333
1
1
1
0.0493827
10
0.49
9
13
25
8
0.166667
1.5
0.5
1
1
1
0.0493827
10
0.49
24
25
13
8
0.333333
1.5
0.333333
1
1
1
0.0493827
10
0.49
24
13
12
8
0.166667
1.66667
0.166667
1
1
1
0.0493827
10
0.49
26
14
30
25
0.5
1.66667
1.16667
1
1
1
0.0493827
10
0.49
13
29
30
25
0.5
1.83333
0.833333
1
1
1
0.0493827
10
0.49
13
30
14
25
0.333333
1.83333
1
1
1
1
0.0493827
10
0.49
10
14
26
9
0.166667
1.5
1.16667
1
1
1
0.0493827
10
0.49
25
26
14
9
0.333333
1.5
1
1
1
1
0.0493827
10
0.49
25
14
13
9
0.166667
1.66667
0.833333
1
1
1
0.0493827
10
0.49
27
15
31
26
0.5
1.66667
1.83333
1
1
1
0.0493827
10
0.49
14
30
31
26
0.5
1.83333
1.5
1
1
1
0.0493827
10
0.49
14
31
15
26
0.333333
1.83333
1.66667
1
1
1
0.0493827
10
0.49
11
15
27
10
0.166667
1.5
1.83333
1
1
1
0.0493827
10
0.49
26
27
15
10
0.333333
1.5
1.66667
1
1
1
0.0493827
10
0.49
26
15
14
10
0.166667
1.66667
1.5
1
1
1
0.0493827
10
0.49
33
21
37
32
1.16667
0.333333
0.5
1
1
1
0.0493827
10
0.49
20
36
37
32
1.16667
0.5
0.166667
1
1
1
0.0493827
10
0.49
20
37
21
32
1
0.5
0.333333
1
1
1
0.0493827
10
0.49
17
21
33
16
0.833333
0.166667
0.5
1
1
1
0.0493827
10
0.49
32
33
21
16
1
0.166667
0.333333
1
1
1
0.0493827
10
0.49
32
21
20
16
0.833333
0.333333
0.166667
1
1
1
0.0493827
10
0.49
34
22
38
33
1.16667
0.333333
1.16667
1
1
1
0.0493827
10
0.49
21
37
38
33
1.16667
0.5
0.833333
1
1
1
0.0493827
10
0.49
21
38
22
33
1
0.5
1
1
1
1
0.0493827
10
0.49
18
22
34
17
0.833333
0.166667
1.16667
1
1
1
0.0493827
10
0.49
33
34
22
17
1
0.166667
1
1
1
1
0.0493827
10
0.49
33
22
21
17
0.833333
0.333333
0.833333
1
1
1
0.0493827
10
0.49
35
23
39
34
1.16667
0.333333
1.83333
1
1
1
0.0493827
10
0.49
22
38
39
34
1.16667
0.5
1.5
1
1
1
0.0493827
10
0.49
22
39
23
34
1
0.5
1.66667
1
1
1
0.0493827
10
0.49
19
23
35
18
0.833333
0.166667
1.83333
1
1
1
0.0493827
10
0.49
34
35
23
18
1
0.166667
1.66667
1
1
1
0.0493827
10
0.49
34
23
22
18
0.833333
0.333333
1.5
1
1
1
0.0493827
10
0.49
37
25
41
36
1.16667
1
0.5
1
1
1
0.0493827
10
0.49
24
40
41
36
1.16667
1.16667
0.166667
1
1
1
0.0493827
10
0.49
24
41
25
36
1
1.16667
0.333333
1
1
1
0.0493827
10
0.49
21
25
37
20
0.833333
0.833333
0.5
1
1
1
0.0493827
10
0.49
36
37
25
20
1
0.833333
0.333333
1
1
1
0.0493827
10
0.49
36
25
24
20
0.833333
1
0.166667
1
1
1
0.0493827
10
0.49
38
26
42
37
1.16667
1
1.16667
1
1
1
0.0493827
10
0.49
25
41
42
37
1.16667
1.16667
0.833333
1
1
1
0.0493827
10
0.49
25
42
26
37
1
1.16667
1
1
1
1
0.0493827
10
0.49
22
26
38
21
0.833333
0.833333
1.16667
1
1
1
0.0493827
10
0.49
37
38
26
21
1
0.833333
1
1
1
1
0.0493827
10
0.49
37
26
25
21
0.833333
1
0.833333
1
1
1
0.0493827
10
0.49
39
27
43
38
1.16667
1
1.83333
1
1
1
0.0493827
10
0.49
26
42
43
38
1.16667
1.16667
1.5
1
1
1
0.0493827
10
0.49
26
43
27
38
1
1.16667
1.66667
1
1
1
0.0493827
10
0.49
23
27
39
22
0.833333
0.833333
1.83333
1
1
1
0.0493827
10
0.49
38
39
27
22
1
0.833333
1.66667
1
1
1
0.0493827
10
0.49
38
27
26
22
0.833333
1
1.5
1
1
1
0.0493827
10
0.49
41
29
45
40
1.16667
1.66667
0.5
1
1
1
0.0493827
10
0.49
28
44
45
40
1.16667
1.83333
0.166667
1
1
1
0.0493827
10
0.49
28
45
29
40
1
1.83333
0.333333
1
1
1
0.0493827
10
0.49
25
29
41
24
0.833333
1.5
0.5
1
1
1
0.0493827
10
0.49
40
41
29
24
1
1.5
0.333333
1
1
1
0.0493827
10
0.49
40
29
28
24
0.833333
1.66667
0.166667
1
1
1
0.0493827
10
0.49
42
30
46
41
1.16667
1.66667
1.16667
1
1
1
0.0493827
10
0.49
29
45
46
41
1.16667
1.83333
0.833333
1
1
1
0.0493827
10
0.49
29
46
30
41
1
1.83333
1
1
1
1
0.0493827
10
0.49
26
30
42
25
0.833333
1.5
1.16667
1
1
1
0.0493827
10
0.49
41
42
30
25
1
1.5
1
1
1
1
0.0493827
10
0.49
41
30
29
25
0.833333
1.66667
0.833333
1
1
1
0.0493827
10
0.49
43
31
47
42
1.16667
1.66667
1.83333
1
1
1
0.0493827
10
0.49
30
46
47
42
1.16667
1.83333
1.5
1
1
1
0.0493827
10
0.49
30
47
31
42
1
1.83333
1.66667
1
1
1
0.0493827
10
0.49
27
31
43
26
0.833333
1.5
1.83333
1
1
1
0.0493827
10
0.49
42
43
31
26
1
1.5
1.66667
1
1
1
0.0493827
10
0.49
42
31
30
26
0.833333
1.66667
1.5
1
1
1
0.0493827
10
0.49
49
37
53
48
1.83333
0.333333
0.5
1
1
1
0.0493827
10
0.49
36
52
53
48
1.83333
0.5
0.166667
1
1
1
0.0493827
10
0.49
36
53
37
48
1.66667
0.5
0.333333
1
1
1
0.0493827
10
0.49
33
37
49
32
1.5
0.166667
0.5
1
1
1
0.0493827
10
0.49
48
49
37
32
1.66667
0.166667
0.333333
1
1
1
0.0493827
10
0.49
48
37
36
32
1.5
0.333333
0.166667
1
1
1
0.0493827
10
0.49
50
38
54
49
1.83333
0.333333
1.16667
1
1
1
0.0493827
10
0.49
37
53
54
49
1.83333
0.5
0.833333
1
1
1
0.0493827
10
0.49
37
54
38
49
1.66667
0.5
1
1
1
1
0.0493827
10
0.49
34
38
50
33
1.5
0.166667
1.16667
1
1
1
0.0493827
10
0.49
49
50
38
33
1.66667
0.166667
1
1
1
1
0.0493827
10
0.49
49
38
37
33
1.5
0.333333
0.833333
1
1
1
0.0493827
10
0.49
51
39
55
50
1.83333
0.333333
1.83333
1
1
1
0.0493827
10
0.49
38
54
55
50
1.83333
0.5
1.5
1
1
1
0.0493827
10
0.49
38
55
39
50
1.66667
0.5
1.66667
1
1
1
0.0493827
10
0.49
35
39
51
34
1.5
0.166667
1.83333
1
1
1
0.0493827
10
0.49
50
51
39
34
1.66667
0.166667
1.66667
1
1
1
0.0493827
10
0.49
50
39
38
34
1.5
0.333333
1.5
1
1
1
0.0493827
10
0.49
53
41
57
52
1.83333
1
0.5
1
1
1
0.0493827
10
0.49
40
56
57
52
1.83333
1.16667
0.166667
1
1
1
0.0493827
10
0.49
40
57
41
52
1.66667
1.16667
0.333333
1
1
1
0.0493827
10
0.49
37
41
53
36
1.5
0.833333
0.5
1
1
1
0.0493827
10
0.49
52
53
41
36
1.66667
0.833333
0.333333
1
1
1
0.0493827
10
0.49
52
41
40
36
1.5
1
0.166667
1
1
1
0.0493827
10
0.49
54
42
58
53
1.83333
1
1.16667
1
1
1
0.0493827
10
0.49
41
57
58
53
1.83333
1.16667
0.833333
1
1
1
0.0493827
10
0.49
41
58
42
53
1.66667
1.16667
1
1
1
1
0.0493827
10
0.49
38
42
54
37
1.5
0.833333
1.16667
1
1
1
0.0493827
10
0.49
53
54
42
37
1.66667
0.833333
1
1
1
1
0.0493827
10
0.49
53
42
41
37
1.5
1
0.833333
1
1
1
0.0493827
10
0.49
55
43
59
54
1.83333
1
1.83333
1
1
1
0.0493827
10
0.49
42
58
59
54
1.83333
1.16667
1.5
1
1
1
0.0493827
10
0.49
42
59
43
54
1.66667
1.16667
1.66667
1
1
1
0.0493827
10
0.49
39
43
55
38
1.5
0.833333
1.83333
1
1
1
0.0493827
10
0.49
54
55
43
38
1.66667
0.833333
1.66667
1
1
1
0.0493827
10
0.49
54
43
42
38
1.5
1
1.5
1
1
1
0.0493827
10
0.49
57
45
61
56
1.83333
1.66667
0.5
1
1
1
0.0493827
10
0.49
44
60
61
56
1.83333
1.83333
0.166667
1
1
1
0.0493827
10
0.49
44
61
45
56
1.66667
1.83333
0.333333
1
1
1
0.0493827
10
0.49
41
45
57
40
1.5
1.5
0.5
1
1
1
0.0493827
10
0.49
56
57
45
40
1.66667
1.5
0.333333
1
1
1
0.0493827
10
0.49
56
45
44
40
1.5
1.66667
0.166667
1
1
1
0.0493827
10
0.49
58
46
62
57
1.83333
1.66667
1.16667
1
1
1
0.0493827
10
0.49
45
61
62
57
1.83333
1.83333
0.833333
1
1
1
0.0493827
10
0.49
45
62
46
57
1.66667
1.83333
1
1
1
1
0.0493827
10
0.49
42
46
58
41
1.5
1.5
1.16667
1
1
1
0.0493827
10
0.49
57
58
46
41
1.66667
1.5
1
1
1
1
0.0493827
10
0.49
57
46
45
41
1.5
1.66667
0.833333
1
1
1
0.0493827
10
0.49
59
47
63
58
1.83333
1.66667
1.83333
1
1
1
0.0493827
10
0.49
46
62
63
58
1.83333
1.83333
1.5
1
1
1
0.0493827
10
0.49
46
63
47
58
1.66667
1.83333
1.66667
1
1
1
0.0493827
10
0.49
43
47
59
42
1.5
1.5
1.83333
1
1
1
0.0493827
10
0.49
58
59
47
42
1.66667
1.5
1.66667
1
1
1
0.0493827
10
0.49
58
47
46
42
1.5
1.66667
1.5
1
1
1
0.0493827
10
0.49
4
0
5
-0.444444
0
0
0
0.444444
0.222222
1
5
0
-0.444444
-0
0
0
0.222222
0.444444
48
52
53
0.444444
0
0
2
0.444444
0.222222
49
48
53
0.444444
0
0
2
0.222222
0.444444
5
1
6
-0.444444
0
0
0
0.444444
0.888889
2
6
1
-0.444444
-0
0
0
0.222222
1.11111
49
53
54
0.444444
0
0
2
0.444444
0.888889
50
49
54
0.444444
0
0
2
0.222222
1.11111
6
2
7
-0.444444
0
0
0
0.444444
1.55556
3
7
2
-0.444444
-0
0
0
0.222222
1.77778
50
54
55
0.444444
0
0
2
0.444444
1.55556
51
50
55
0.444444
0
0
2
0.222222
1.77778
8
4
9
-0.444444
0
0
0
1.11111
0.222222
5
9
4
-0.444444
-0
0
0
0.888889
0.444444
52
56
57
0.444444
0
0
2
1.11111
0.222222
53
52
57
0.444444
0
0
2
0.888889
0.444444
9
5
10
-0.444444
0
0
0
1.11111
0.888889
6
10
5
-0.444444
-0
0
0
0.888889
1.11111
53
57
58
0.444444
0
0
2
1.11111
0.888889
54
53
58
0.444444
0
0
2
0.888889
1.11111
10
6
11
-0.444444
0
0
0
1.11111
1.55556
7
11
6
-0.444444
-0
0
0
0.888889
1.77778
54
58
59
0.444444
0
0
2
1.11111
1.55556
55
54
59
0.444444
0
0
2
0.888889
1.77778
12
8
13
-0.444444
0
0
0
1.77778
0.222222
9
13
8
-0.444444
-0
0
0
1.55556
0.444444
56
60
61
0.444444
0
0
2
1.77778
0.222222
57
56
61
0.444444
0
0
2
1.55556
0.444444
13
9
14
-0.444444
0
0
0
1.77778
0.888889
10
14
9
-0.444444
-0
0
0
1.55556
1.11111
57
61
62
0.444444
0
0
2
1.77778
0.888889
58
57
62
0.444444
0
0
2
1.55556
1.11111
14
10
15
-0.444444
0
0
0
1.77778
1.55556
11
15
10
-0.444444
-0
0
0
1.55556
1.77778
58
62
63
0.444444
0
0
2
1.77778
1.55556
59
58
63
0.444444
0
0
2
1.55556
1.77778
16
0
17
0
-0.444444
-0
0.444444
0
0.222222
0
1
17
0
-0.444444
0
0.222222
0
0.444444
12
28
29
0
0.444444
0
0.444444
2
0.222222
12
29
13
0
0.444444
0
0.222222
2
0.444444
17
1
18
0
-0.444444
-0
0.444444
0
0.888889
1
2
18
0
-0.444444
0
0.222222
0
1.11111
13
29
30
0
0.444444
0
0.444444
2
0.888889
13
30
14
0
0.444444
0
0.222222
2
1.11111
18
2
19
0
-0.444444
-0
0.444444
0
1.55556
2
3
19
0
-0.444444
0
0.222222
0
1.77778
14
30
31
0
0.444444
0
0.444444
2
1.55556
14
31
15
0
0.444444
0
0.222222
2
1.77778
32
16
33
0
-0.444444
-0
1.11111
0
0.222222
16
17
33
0
-0.444444
0
0.888889
0
0.444444
28
44
45
0
0.444444
0
1.11111
2
0.222222
28
45
29
0
0.444444
0
0.888889
2
0.444444
33
17
34
0
-0.444444
-0
1.11111
0
0.888889
17
18
34
0
-0.444444
0
0.888889
0
1.11111
29
45
46
0
0.444444
0
1.11111
2
0.888889
29
46
30
0
0.444444
0
0.888889
2
1.11111
34
18
35
0
-0.444444
-0
1.11111
0
1.55556
18
19
35
0
-0.444444
0
0.888889
0
1.77778
30
46
47
0
0.444444
0
1.11111
2
1.55556
30
47
31
0
0.444444
0
0.888889
2
1.77778
48
32
49
0
-0.444444
-0
1.77778
0
0.222222
32
33
49
0
-0.444444
0
1.55556
0
0.444444
44
60
61
0
0.444444
0
1.77778
2
0.222222
44
61
45
0
0.444444
0
1.55556
2
0.444444
49
33
50
0
-0.444444
-0
1.77778
0
0.888889
33
34
50
0
-0.444444
0
1.55556
0
1.11111
45
61
62
0
0.444444
0
1.77778
2
0.888889
45
62
46
0
0.444444
0
1.55556
2
1.11111
50
34
51
0
-0.444444
-0
1.77778
0
1.55556
34
35
51
0
-0.444444
0
1.55556
0
1.77778
46
62
63
0
0.444444
0
1.77778
2
1.55556
46
63
47
0
0.444444
0
1.55556
2
1.77778
16
0
4
0
0
-0.444444
0.222222
0.222222
0
16
4
20
0
-0
-0.444444
0.444444
0.444444
0
3
19
7
0
0
0.444444
0.222222
0.222222
2
19
23
7
0
0
0.444444
0.444444
0.444444
2
20
4
8
0
0
-0.444444
0.222222
0.888889
0
20
8
24
0
-0
-0.444444
0.444444
1.11111
0
7
23
11
0
0
0.444444
0.222222
0.888889
2
23
27
11
0
0
0.444444
0.444444
1.11111
2
24
8
12
0
0
-0.444444
0.222222
1.55556
0
24
12
28
0
-0
-0.444444
0.444444
1.77778
0
11
27
15
0
0
0.444444
0.222222
1.55556
2
27
31
15
0
0
0.444444
0.444444
1.77778
2
32
16
20
0
0
-0.444444
0.888889
0.222222
0
32
20
36
0
-0
-0.444444
1.11111
0.444444
0
19
35
23
0
0
0.444444
0.888889
0.222222
2
35
39
23
0
0
0.444444
1.11111
0.444444
2
36
20
24
0
0
-0.444444
0.888889
0.888889
0
36
24
40
0
-0
-0.444444
1.11111
1.11111
0
23
39
27
0
0
0.444444
0.888889
0.888889
2
39
43
27
0
0
0.444444
1.11111
1.11111
2
40
24
28
0
0
-0.444444
0.888889
1.55556
0
40
28
44
0
-0
-0.444444
1.11111
1.77778
0
27
43
31
0
0
0.444444
0.888889
1.55556
2
43
47
31
0
0
0.444444
1.11111
1.77778
2
48
32
36
0
0
-0.444444
1.55556
0.222222
0
48
36
52
0
-0
-0.444444
1.77778
0.444444
0
35
51
39
0
0
0.444444
1.55556
0.222222
2
51
55
39
0
0
0.444444
1.77778
0.444444
2
52
36
40
0
0
-0.444444
1.55556
0.888889
0
52
40
56
0
-0
-0.444444
1.77778
1.11111
0
39
55
43
0
0
0.444444
1.55556
0.888889
2
55
59
43
0
0
0.444444
1.77778
1.11111
2
56
40
44
0
0
-0.444444
1.55556
1.55556
0
56
44
60
0
-0
-0.444444
1.77778
1.77778
0
43
59
47
0
0
0.444444
1.55556
1.55556
2
59
63
47
0
0
0.444444
1.77778
1.77778
2
