2
2
2
2
2
2
1
1
1
48
0
0
0
0.5
0.5
0.5
1
0.55
0.8875
100
0.45
1
0
0
0.5
0.5
0.5
0.5
1
0.85
0.9625
100
0.15
1
0
0.5
0
0.5
0.5
0.5
1
0.55
0.8875
100
0.45
1
0
0.5
0.5
0.5
0.5
0.5
1
0.85
0.9625
100
0.15
1
0.5
0
0
0.5
0.5
0.5
1
0.55
0.8875
100
0.45
1
0.5
0
0.5
0.5
0.5
0.5
1
0.85
0.9625
100
0.15
1
0.5
0.5
0
0.5
0.5
0.5
1
0.55
0.8875
100
0.45
1
0.5
0.5
0.5
0.5
0.5
0.5
1
0.85
0.9625
100
0.15
1
0
0
0
0
0
0
1
1
1
0
0
1
0
0
0
0
0
0.5
0
0
0
1
1
0
1
0
0
1
0
0
0
0
1
0
0
0
1
1
0
0.5
0.35
0.05
1
1
0
0
0.5
0
0
0
0
1
1
1
0
0
1
0
0
0
0
0.5
0.5
0
0
0
1
1
0
1
0
0
1
0
0
0
0.5
1
0
0
0
1
1
0
0.5
0.35
0.05
1
1
0
0
1
0
0
0
0
1
1
1
0
0
1
0
0
0
0
1
0.5
0
0
0
1
1
0
1
0
0
1
0
0
0
1
1
0
0
0
1
1
0
0.5
0.35
0.05
1
1
0
0.5
0
0
0
0
0
1
1
1
0
0
1
0
0
0
0.5
0
0.5
0
0
0
1
1
0
1
0
0
1
0
0
0.5
0
1
0
0
0
1
1
0
0.5
0.35
0.05
1
1
0
0.5
0.5
0
0
0
0
1
1
1
0
0
1
0
0
0
0.5
0.5
0.5
1.52342e-284
1.27893e-285
0
0
0
0
0
0
1
0
0
0
0.5
0.5
1
0
0
0
1
1
0
0.5
0.35
0.05
1
1
0
0.5
1
0
0
0
0
1
1
1
0
0
1
0
0
0
0.5
1
0.5
0
0
0
1
1
0
1
0
0
1
0
0
0.5
1
1
0
0
0
1
1
0
0.5
0.35
0.05
1
1
0
1
0
0
0
0
0
1
1
1
0
0
1
0
0
0
1
0
0.5
0
0
0
1
1
0
1
0
0
1
0
0
1
0
1
0
0
0
1
1
0
0.5
0.35
0.05
1
1
0
1
0.5
0
0
0
0
1
1
1
0
0
1
0
0
0
1
0.5
0.5
0
0
0
1
1
0
1
0
0
1
0
0
1
0.5
1
0
0
0
1
1
0
0.5
0.35
0.05
1
1
0
1
1
0
0
0
0
1
1
1
0
0
1
0
0
0
1
1
0.5
0
0
0
1
1
0
1
0
0
1
0
0
1
1
1
0
0
0
1
1
0
1
1
0
1
1
0
10
4
13
9
0.375
0.25
0.375
1
0.55
0.8875
0.0208333
100
0.45
3
12
13
9
0.375
0.375
0.125
1
0.55
0.8875
0.0208333
100
0.45
3
13
4
9
0.25
0.375
0.25
1
0.55
0.8875
0.0208333
100
0.45
1
4
10
0
0.125
0.125
0.375
1
0.55
0.8875
0.0208333
100
0.45
9
10
4
0
0.25
0.125
0.25
1
0.55
0.8875
0.0208333
100
0.45
9
4
3
0
0.125
0.25
0.125
1
0.55
0.8875
0.0208333
100
0.45
11
5
14
10
0.375
0.25
0.875
1
0.85
0.9625
0.0208333
100
0.15
4
13
14
10
0.375
0.375
0.625
1
0.85
0.9625
0.0208333
100
0.15
4
14
5
10
0.25
0.375
0.75
1
0.85
0.9625
0.0208333
100
0.15
2
5
11
1
0.125
0.125
0.875
1
0.85
0.9625
0.0208333
100
0.15
10
11
5
1
0.25
0.125
0.75
1
0.85
0.9625
0.0208333
100
0.15
10
5
4
1
0.125
0.25
0.625
1
0.85
0.9625
0.0208333
100
0.15
13
7
16
12
0.375
0.75
0.375
1
0.55
0.8875
0.0208333
100
0.45
6
15
16
12
0.375
0.875
0.125
1
0.55
0.8875
0.0208333
100
0.45
6
16
7
12
0.25
0.875
0.25
1
0.55
0.8875
0.0208333
100
0.45
4
7
13
3
0.125
0.625
0.375
1
0.55
0.8875
0.0208333
100
0.45
12
13
7
3
0.25
0.625
0.25
1
0.55
0.8875
0.0208333
100
0.45
12
7
6
3
0.125
0.75
0.125
1
0.55
0.8875
0.0208333
100
0.45
14
8
17
13
0.375
0.75
0.875
1
0.85
0.9625
0.0208333
100
0.15
7
16
17
13
0.375
0.875
0.625
1
0.85
0.9625
0.0208333
100
0.15
7
17
8
13
0.25
0.875
0.75
1
0.85
0.9625
0.0208333
100
0.15
5
8
14
4
0.125
0.625
0.875
1
0.85
0.9625
0.0208333
100
0.15
13
14
8
4
0.25
0.625
0.75
1
0.85
0.9625
0.0208333
100
0.15
13
8
7
4
0.125
0.75
0.625
1
0.85
0.9625
0.0208333
100
0.15
19
13
22
18
0.875
0.25
0.375
1
0.55
0.8875
0.0208333
100
0.45
12
21
22
18
0.875
0.375
0.125
1
0.55
0.8875
0.0208333
100
0.45
12
22
13
18
0.75
0.375
0.25
1
0.55
0.8875
0.0208333
100
0.45
10
13
19
9
0.625
0.125
0.375
1
0.55
0.8875
0.0208333
100
0.45
18
19
13
9
0.75
0.125
0.25
1
0.55
0.8875
0.0208333
100
0.45
18
13
12
9
0.625
0.25
0.125
1
0.55
0.8875
0.0208333
100
0.45
20
14
23
19
0.875
0.25
0.875
1
0.85
0.9625
0.0208333
100
0.15
13
22
23
19
0.875
0.375
0.625
1
0.85
0.9625
0.0208333
100
0.15
13
23
14
19
0.75
0.375
0.75
1
0.85
0.9625
0.0208333
100
0.15
11
14
20
10
0.625
0.125
0.875
1
0.85
0.9625
0.0208333
100
0.15
19
20
14
10
0.75
0.125
0.75
1
0.85
0.9625
0.0208333
100
0.15
19
14
13
10
0.625
0.25
0.625
1
0.85
0.9625
0.0208333
100
0.15
22
16
25
21
0.875
0.75
0.375
1
0.55
0.8875
0.0208333
100
0.45
15
24
25
21
0.875
0.875
0.125
1
0.55
0.8875
0.0208333
100
0.45
15
25
16
21
0.75
0.875
0.25
1
0.55
0.8875
0.0208333
100
0.45
13
16
22
12
0.625
0.625
0.375
1
0.55
0.8875
0.0208333
100
0.45
21
22
16
12
0.75
0.625
0.25
1
0.55
0.8875
0.0208333
100
0.45
21
16
15
12
0.625
0.75
0.125
1
0.55
0.8875
0.0208333
100
0.45
23
17
26
22
0.875
0.75
0.875
1
0.85
0.9625
0.0208333
100
0.15
16
25
26
22
0.875
0.875
0.625
1
0.85
0.9625
0.0208333
100
0.15
16
26
17
22
0.75
0.875
0.75
1
0.85
0.9625
0.0208333
100
0.15
14
17
23
13
0.625
0.625
0.875
1
0.85
0.9625
0.0208333
100
0.15
22
23
17
13
0.75
0.625
0.75
1
0.85
0.9625
0.0208333
100
0.15
22
17
16
13
0.625
0.75
0.625
1
0.85
0.9625
0.0208333
100
0.15
3
0
4
-0.25
0
0
0
0.333333
0.166667
1
4
0
-0.25
-0
0
0
0.166667
0.333333
18
21
22
0.25
0
0
1
0.333333
0.166667
19
18
22
0.25
0
0
1
0.166667
0.333333
4
1
5
-0.25
0
0
0
0.333333
0.666667
2
5
1
-0.25
-0
0
0
0.166667
0.833333
19
22
23
0.25
0
0
1
0.333333
0.666667
20
19
23
0.25
0
0
1
0.166667
0.833333
6
3
7
-0.25
0
0
0
0.833333
0.166667
4
7
3
-0.25
-0
0
0
0.666667
0.333333
21
24
25
0.25
0
0
1
0.833333
0.166667
22
21
25
0.25
0
0
1
0.666667
0.333333
7
4
8
-0.25
0
0
0
0.833333
0.666667
5
8
4
-0.25
-0
0
0
0.666667
0.833333
22
25
26
0.25
0
0
1
0.833333
0.666667
23
22
26
0.25
0
0
1
0.666667
0.833333
9
0
10
0
-0.25
-0
0.333333
0
0.166667
0
1
10
0
-0.25
0
0.166667
0
0.333333
6
15
16
0
0.25
0
0.333333
1
0.166667
6
16
7
0
0.25
0
0.166667
1
0.333333
10
1
11
0
-0.25
-0
0.333333
0
0.666667
1
2
11
0
-0.25
0
0.166667
0
0.833333
7
16
17
0
0.25
0
0.333333
1
0.666667
7
17
8
0
0.25
0
0.166667
1
0.833333
18
9
19
0
-0.25
-0
0.833333
0
0.166667
9
10
19
0
-0.25
0
0.666667
0
0.333333
15
24
25
0
0.25
0
0.833333
1
0.166667
15
25
16
0
0.25
0
0.666667
1
0.333333
19
10
20
0
-0.25
-0
0.833333
0
0.666667
10
11
20
0
-0.25
0
0.666667
0
0.833333
16
25
26
0
0.25
0
0.833333
1
0.666667
16
26
17
0
0.25
0
0.666667
1
0.833333
9
0
3
0
0
-0.25
0.166667
0.166667
0
9
3
12
0
-0
-0.25
0.333333
0.333333
0
2
11
5
0
0
0.25
0.166667
0.166667
1
11
14
5
0
0
0.25
0.333333
0.333333
1
12
3
6
0
0
-0.25
0.166667
0.666667
0
12
6
15
0
-0
-0.25
0.333333
0.833333
0
5
14
8
0
0
0.25
0.166667
0.666667
1
14
17
8
0
0
0.25
0.333333
0.833333
1
18
9
12
0
0
-0.25
0.666667
0.166667
0
18
12
21
0
-0
-0.25
0.833333
0.333333
0
11
20
14
0
0
0.25
0.666667
0.166667
1
20
23
14
0
0
0.25
0.833333
0.333333
1
21
12
15
0
0
-0.25
0.666667
0.666667
0
21
15
24
0
-0
-0.25
0.833333
0.833333
0
14
23
17
0
0
0.25
0.666667
0.666667
1
23
26
17
0
0
0.25
0.833333
0.833333
1
