3
3
3
2
2
2
1
1
1
162
0
0
0
0.5
0.5
0.5
1
0.85
0.9625
10
0.15
1
0
0
0.5
0.5
0.5
0.5
1
0.85
0.9625
10
0.15
1
0
0.5
0
0.5
0.5
0.5
1
0.85
0.9625
10
0.15
1
0
0.5
0.5
0.5
0.5
0.5
1
0.85
0.9625
10
0.15
1
0.5
0
0
0.5
0.5
0.5
1
0.85
0.9625
10
0.15
1
0.5
0
0.5
0.5
0.5
0.5
1
0.85
0.9625
10
0.15
1
0.5
0.5
0
0.5
0.5
0.5
1
0.85
0.9625
10
0.15
1
0.5
0.5
0.5
0.5
0.5
0.5
1
0.85
0.9625
10
0.15
1
0
0
0
0
0
0
1
1
1
0
0
1
0
0
0
0
0
0.333333
0
0
0
1
1
0
1
0
0
1
0
0
0
0
0.666667
0
0
0
1
1
0
1
0
0
1
0
0
0
0
1
0
0
0
1
1
0
1
0
0
1
1
0
0
0.333333
0
0
0
0
1
1
1
0
0
1
0
0
0
0
0.333333
0.333333
0
0
0
1
1
0
1
0
0
1
0
0
0
0.333333
0.666667
0
0
0
1
1
0
1
0
0
1
0
0
0
0.333333
1
0
0
0
1
1
0
1
0
0
1
1
0
0
0.666667
0
0
0
0
1
1
1
0
0
1
0
0
0
0
0.666667
0.333333
0
0
0
1
1
0
1
0
0
1
0
0
0
0.666667
0.666667
0
0
0
1
1
0
1
0
0
1
0
0
0
0.666667
1
0
0
0
1
1
0
1
0
0
1
1
0
0
1
0
0
0
0
1
1
1
0
0
1
0
0
0
0
1
0.333333
0
0
0
1
1
0
1
0
0
1
0
0
0
1
0.666667
0
0
0
1
1
0
1
0
0
1
0
0
0
1
1
0
0
0
1
1
0
1
0
0
1
1
0
0.333333
0
0
0
0
0
1
1
1
0
0
1
0
0
0
0.333333
0
0.333333
0
0
0
1
1
0
1
0
0
1
0
0
0.333333
0
0.666667
0
0
0
1
1
0
1
0
0
1
0
0
0.333333
0
1
0
0
0
1
1
0
1
0
0
1
1
0
0.333333
0.333333
0
0
0
0
1
1
1
0
0
1
0
0
0
0.333333
0.333333
0.333333
-6.27744e+66
-6.27744e+66
-6.27744e+66
0
0
0
0
0
1
0
0
0
0.333333
0.333333
0.666667
-6.27744e+66
-6.27744e+66
-6.27744e+66
0
0
0
0
0
1
0
0
0
0.333333
0.333333
1
0
0
0
1
1
0
1
0
0
1
1
0
0.333333
0.666667
0
0
0
0
1
1
1
0
0
1
0
0
0
0.333333
0.666667
0.333333
-6.27744e+66
-6.27744e+66
-6.27744e+66
0
0
0
0
0
1
0
0
0
0.333333
0.666667
0.666667
-6.27744e+66
-6.27744e+66
-6.27744e+66
0
0
0
0
0
1
0
0
0
0.333333
0.666667
1
0
0
0
1
1
0
1
0
0
1
1
0
0.333333
1
0
0
0
0
1
1
1
0
0
1
0
0
0
0.333333
1
0.333333
0
0
0
1
1
0
1
0
0
1
0
0
0.333333
1
0.666667
0
0
0
1
1
0
1
0
0
1
0
0
0.333333
1
1
0
0
0
1
1
0
1
0
0
1
1
0
0.666667
0
0
0
0
0
1
1
1
0
0
1
0
0
0
0.666667
0
0.333333
0
0
0
1
1
0
1
0
0
1
0
0
0.666667
0
0.666667
0
0
0
1
1
0
1
0
0
1
0
0
0.666667
0
1
0
0
0
1
1
0
1
0
0
1
1
0
0.666667
0.333333
0
0
0
0
1
1
1
0
0
1
0
0
0
0.666667
0.333333
0.333333
-6.27744e+66
-6.27744e+66
-6.27744e+66
0
0
0
0
0
1
0
0
0
0.666667
0.333333
0.666667
-6.27744e+66
-6.27744e+66
-6.27744e+66
0
0
0
0
0
1
0
0
0
0.666667
0.333333
1
0
0
0
1
1
0
1
0
0
1
1
0
0.666667
0.666667
0
0
0
0
1
1
1
0
0
1
0
0
0
0.666667
0.666667
0.333333
-6.27744e+66
-6.27744e+66
-6.27744e+66
0
0
0
0
0
1
0
0
0
0.666667
0.666667
0.666667
-6.27744e+66
-6.27744e+66
-6.27744e+66
0
0
0
0
0
1
0
0
0
0.666667
0.666667
1
0
0
0
1
1
0
1
0
0
1
1
0
0.666667
1
0
0
0
0
1
1
1
0
0
1
0
0
0
0.666667
1
0.333333
0
0
0
1
1
0
1
0
0
1
0
0
0.666667
1
0.666667
0
0
0
1
1
0
1
0
0
1
0
0
0.666667
1
1
0
0
0
1
1
0
1
0
0
1
1
0
1
0
0
0
0
0
1
1
1
0
0
1
0
0
0
1
0
0.333333
0
0
0
1
1
0
1
0
0
1
0
0
1
0
0.666667
0
0
0
1
1
0
1
0
0
1
0
0
1
0
1
0
0
0
1
1
0
1
0
0
1
1
0
1
0.333333
0
0
0
0
1
1
1
0
0
1
0
0
0
1
0.333333
0.333333
0
0
0
1
1
0
1
0
0
1
0
0
1
0.333333
0.666667
0
0
0
1
1
0
1
0
0
1
0
0
1
0.333333
1
0
0
0
1
1
0
1
0
0
1
1
0
1
0.666667
0
0
0
0
1
1
1
0
0
1
0
0
0
1
0.666667
0.333333
0
0
0
1
1
0
1
0
0
1
0
0
1
0.666667
0.666667
0
0
0
1
1
0
1
0
0
1
0
0
1
0.666667
1
0
0
0
1
1
0
1
0
0
1
1
0
1
1
0
0
0
0
1
1
1
0
0
1
0
0
0
1
1
0.333333
0
0
0
1
1
0
1
0
0
1
0
0
1
1
0.666667
0
0
0
1
1
0
1
0
0
1
0
0
1
1
1
0
0
0
1
1
0
1
1
0
1
1
0
17
5
21
16
0.25
0.166667
0.25
1
0.85
0.9625
-6.27744e+66
10
0.15
4
20
21
16
0.25
0.25
0.0833333
1
0.85
0.9625
-6.27744e+66
10
0.15
4
21
5
16
0.166667
0.25
0.166667
1
0.85
0.9625
-6.27744e+66
10
0.15
1
5
17
0
0.0833333
0.0833333
0.25
1
0.85
0.9625
-6.27744e+66
10
0.15
16
17
5
0
0.166667
0.0833333
0.166667
1
0.85
0.9625
-6.27744e+66
10
0.15
16
5
4
0
0.0833333
0.166667
0.0833333
1
0.85
0.9625
-6.27744e+66
10
0.15
18
6
22
17
0.25
0.166667
0.583333
1
0.85
0.9625
-6.27744e+66
10
0.15
5
21
22
17
0.25
0.25
0.416667
1
0.85
0.9625
-6.27744e+66
10
0.15
5
22
6
17
0.166667
0.25
0.5
1
0.85
0.9625
-6.27744e+66
10
0.15
2
6
18
1
0.0833333
0.0833333
0.583333
1
0.85
0.9625
-6.27744e+66
10
0.15
17
18
6
1
0.166667
0.0833333
0.5
1
0.85
0.9625
-6.27744e+66
10
0.15
17
6
5
1
0.0833333
0.166667
0.416667
1
0.85
0.9625
-6.27744e+66
10
0.15
19
7
23
18
0.25
0.166667
0.916667
1
0.85
0.9625
-6.27744e+66
10
0.15
6
22
23
18
0.25
0.25
0.75
1
0.85
0.9625
-6.27744e+66
10
0.15
6
23
7
18
0.166667
0.25
0.833333
1
0.85
0.9625
-6.27744e+66
10
0.15
3
7
19
2
0.0833333
0.0833333
0.916667
1
0.85
0.9625
-6.27744e+66
10
0.15
18
19
7
2
0.166667
0.0833333
0.833333
1
0.85
0.9625
-6.27744e+66
10
0.15
18
7
6
2
0.0833333
0.166667
0.75
1
0.85
0.9625
-6.27744e+66
10
0.15
21
9
25
20
0.25
0.5
0.25
1
0.85
0.9625
-6.27744e+66
10
0.15
8
24
25
20
0.25
0.583333
0.0833333
1
0.85
0.9625
-6.27744e+66
10
0.15
8
25
9
20
0.166667
0.583333
0.166667
1
0.85
0.9625
-6.27744e+66
10
0.15
5
9
21
4
0.0833333
0.416667
0.25
1
0.85
0.9625
-6.27744e+66
10
0.15
20
21
9
4
0.166667
0.416667
0.166667
1
0.85
0.9625
-6.27744e+66
10
0.15
20
9
8
4
0.0833333
0.5
0.0833333
1
0.85
0.9625
-6.27744e+66
10
0.15
22
10
26
21
0.25
0.5
0.583333
1
0.85
0.9625
-6.27744e+66
10
0.15
9
25
26
21
0.25
0.583333
0.416667
1
0.85
0.9625
-6.27744e+66
10
0.15
9
26
10
21
0.166667
0.583333
0.5
1
0.85
0.9625
-6.27744e+66
10
0.15
6
10
22
5
0.0833333
0.416667
0.583333
1
0.85
0.9625
-6.27744e+66
10
0.15
21
22
10
5
0.166667
0.416667
0.5
1
0.85
0.9625
-6.27744e+66
10
0.15
21
10
9
5
0.0833333
0.5
0.416667
1
0.85
0.9625
-6.27744e+66
10
0.15
23
11
27
22
0.25
0.5
0.916667
1
0.85
0.9625
-6.27744e+66
10
0.15
10
26
27
22
0.25
0.583333
0.75
1
0.85
0.9625
-6.27744e+66
10
0.15
10
27
11
22
0.166667
0.583333
0.833333
1
0.85
0.9625
-6.27744e+66
10
0.15
7
11
23
6
0.0833333
0.416667
0.916667
1
0.85
0.9625
-6.27744e+66
10
0.15
22
23
11
6
0.166667
0.416667
0.833333
1
0.85
0.9625
-6.27744e+66
10
0.15
22
11
10
6
0.0833333
0.5
0.75
1
0.85
0.9625
-6.27744e+66
10
0.15
25
13
29
24
0.25
0.833333
0.25
1
0.85
0.9625
-6.27744e+66
10
0.15
12
28
29
24
0.25
0.916667
0.0833333
1
0.85
0.9625
-6.27744e+66
10
0.15
12
29
13
24
0.166667
0.916667
0.166667
1
0.85
0.9625
-6.27744e+66
10
0.15
9
13
25
8
0.0833333
0.75
0.25
1
0.85
0.9625
-6.27744e+66
10
0.15
24
25
13
8
0.166667
0.75
0.166667
1
0.85
0.9625
-6.27744e+66
10
0.15
24
13
12
8
0.0833333
0.833333
0.0833333
1
0.85
0.9625
-6.27744e+66
10
0.15
26
14
30
25
0.25
0.833333
0.583333
1
0.85
0.9625
-6.27744e+66
10
0.15
13
29
30
25
0.25
0.916667
0.416667
1
0.85
0.9625
-6.27744e+66
10
0.15
13
30
14
25
0.166667
0.916667
0.5
1
0.85
0.9625
-6.27744e+66
10
0.15
10
14
26
9
0.0833333
0.75
0.583333
1
0.85
0.9625
-6.27744e+66
10
0.15
25
26
14
9
0.166667
0.75
0.5
1
0.85
0.9625
-6.27744e+66
10
0.15
25
14
13
9
0.0833333
0.833333
0.416667
1
0.85
0.9625
-6.27744e+66
10
0.15
27
15
31
26
0.25
0.833333
0.916667
1
0.85
0.9625
-6.27744e+66
10
0.15
14
30
31
26
0.25
0.916667
0.75
1
0.85
0.9625
-6.27744e+66
10
0.15
14
31
15
26
0.166667
0.916667
0.833333
1
0.85
0.9625
-6.27744e+66
10
0.15
11
15
27
10
0.0833333
0.75
0.916667
1
0.85
0.9625
-6.27744e+66
10
0.15
26
27
15
10
0.166667
0.75
0.833333
1
0.85
0.9625
-6.27744e+66
10
0.15
26
15
14
10
0.0833333
0.833333
0.75
1
0.85
0.9625
-6.27744e+66
10
0.15
33
21
37
32
0.583333
0.166667
0.25
1
0.85
0.9625
-6.27744e+66
10
0.15
20
36
37
32
0.583333
0.25
0.0833333
1
0.85
0.9625
-6.27744e+66
10
0.15
20
37
21
32
0.5
0.25
0.166667
1
0.85
0.9625
-6.27744e+66
10
0.15
17
21
33
16
0.416667
0.0833333
0.25
1
0.85
0.9625
-6.27744e+66
10
0.15
32
33
21
16
0.5
0.0833333
0.166667
1
0.85
0.9625
-6.27744e+66
10
0.15
32
21
20
16
0.416667
0.166667
0.0833333
1
0.85
0.9625
-6.27744e+66
10
0.15
34
22
38
33
0.583333
0.166667
0.583333
1
0.85
0.9625
-6.27744e+66
10
0.15
21
37
38
33
0.583333
0.25
0.416667
1
0.85
0.9625
-6.27744e+66
10
0.15
21
38
22
33
0.5
0.25
0.5
1
0.85
0.9625
-6.27744e+66
10
0.15
18
22
34
17
0.416667
0.0833333
0.583333
1
0.85
0.9625
-6.27744e+66
10
0.15
33
34
22
17
0.5
0.0833333
0.5
1
0.85
0.9625
-6.27744e+66
10
0.15
33
22
21
17
0.416667
0.166667
0.416667
1
0.85
0.9625
-6.27744e+66
10
0.15
35
23
39
34
0.583333
0.166667
0.916667
1
0.85
0.9625
-6.27744e+66
10
0.15
22
38
39
34
0.583333
0.25
0.75
1
0.85
0.9625
-6.27744e+66
10
0.15
22
39
23
34
0.5
0.25
0.833333
1
0.85
0.9625
-6.27744e+66
10
0.15
19
23
35
18
0.416667
0.0833333
0.916667
1
0.85
0.9625
-6.27744e+66
10
0.15
34
35
23
18
0.5
0.0833333
0.833333
1
0.85
0.9625
-6.27744e+66
10
0.15
34
23
22
18
0.416667
0.166667
0.75
1
0.85
0.9625
-6.27744e+66
10
0.15
37
25
41
36
0.583333
0.5
0.25
1
0.85
0.9625
-6.27744e+66
10
0.15
24
40
41
36
0.583333
0.583333
0.0833333
1
0.85
0.9625
-6.27744e+66
10
0.15
24
41
25
36
0.5
0.583333
0.166667
1
0.85
0.9625
-6.27744e+66
10
0.15
21
25
37
20
0.416667
0.416667
0.25
1
0.85
0.9625
-6.27744e+66
10
0.15
36
37
25
20
0.5
0.416667
0.166667
1
0.85
0.9625
-6.27744e+66
10
0.15
36
25
24
20
0.416667
0.5
0.0833333
1
0.85
0.9625
-6.27744e+66
10
0.15
38
26
42
37
0.583333
0.5
0.583333
1
0.85
0.9625
-6.27744e+66
10
0.15
25
41
42
37
0.583333
0.583333
0.416667
1
0.85
0.9625
-6.27744e+66
10
0.15
25
42
26
37
0.5
0.583333
0.5
1
0.85
0.9625
-6.27744e+66
10
0.15
22
26
38
21
0.416667
0.416667
0.583333
1
0.85
0.9625
-6.27744e+66
10
0.15
37
38
26
21
0.5
0.416667
0.5
1
0.85
0.9625
-6.27744e+66
10
0.15
37
26
25
21
0.416667
0.5
0.416667
1
0.85
0.9625
-6.27744e+66
10
0.15
39
27
43
38
0.583333
0.5
0.916667
1
0.85
0.9625
-6.27744e+66
10
0.15
26
42
43
38
0.583333
0.583333
0.75
1
0.85
0.9625
-6.27744e+66
10
0.15
26
43
27
38
0.5
0.583333
0.833333
1
0.85
0.9625
-6.27744e+66
10
0.15
23
27
39
22
0.416667
0.416667
0.916667
1
0.85
0.9625
-6.27744e+66
10
0.15
38
39
27
22
0.5
0.416667
0.833333
1
0.85
0.9625
-6.27744e+66
10
0.15
38
27
26
22
0.416667
0.5
0.75
1
0.85
0.9625
-6.27744e+66
10
0.15
41
29
45
40
0.583333
0.833333
0.25
1
0.85
0.9625
-6.27744e+66
10
0.15
28
44
45
40
0.583333
0.916667
0.0833333
1
0.85
0.9625
-6.27744e+66
10
0.15
28
45
29
40
0.5
0.916667
0.166667
1
0.85
0.9625
-6.27744e+66
10
0.15
25
29
41
24
0.416667
0.75
0.25
1
0.85
0.9625
-6.27744e+66
10
0.15
40
41
29
24
0.5
0.75
0.166667
1
0.85
0.9625
-6.27744e+66
10
0.15
40
29
28
24
0.416667
0.833333
0.0833333
1
0.85
0.9625
-6.27744e+66
10
0.15
42
30
46
41
0.583333
0.833333
0.583333
1
0.85
0.9625
-6.27744e+66
10
0.15
29
45
46
41
0.583333
0.916667
0.416667
1
0.85
0.9625
-6.27744e+66
10
0.15
29
46
30
41
0.5
0.916667
0.5
1
0.85
0.9625
-6.27744e+66
10
0.15
26
30
42
25
0.416667
0.75
0.583333
1
0.85
0.9625
-6.27744e+66
10
0.15
41
42
30
25
0.5
0.75
0.5
1
0.85
0.9625
-6.27744e+66
10
0.15
41
30
29
25
0.416667
0.833333
0.416667
1
0.85
0.9625
-6.27744e+66
10
0.15
43
31
47
42
0.583333
0.833333
0.916667
1
0.85
0.9625
-6.27744e+66
10
0.15
30
46
47
42
0.583333
0.916667
0.75
1
0.85
0.9625
-6.27744e+66
10
0.15
30
47
31
42
0.5
0.916667
0.833333
1
0.85
0.9625
-6.27744e+66
10
0.15
27
31
43
26
0.416667
0.75
0.916667
1
0.85
0.9625
-6.27744e+66
10
0.15
42
43
31
26
0.5
0.75
0.833333
1
0.85
0.9625
-6.27744e+66
10
0.15
42
31
30
26
0.416667
0.833333
0.75
1
0.85
0.9625
-6.27744e+66
10
0.15
49
37
53
48
0.916667
0.166667
0.25
1
0.85
0.9625
-6.27744e+66
10
0.15
36
52
53
48
0.916667
0.25
0.0833333
1
0.85
0.9625
-6.27744e+66
10
0.15
36
53
37
48
0.833333
0.25
0.166667
1
0.85
0.9625
-6.27744e+66
10
0.15
33
37
49
32
0.75
0.0833333
0.25
1
0.85
0.9625
-6.27744e+66
10
0.15
48
49
37
32
0.833333
0.0833333
0.166667
1
0.85
0.9625
-6.27744e+66
10
0.15
48
37
36
32
0.75
0.166667
0.0833333
1
0.85
0.9625
-6.27744e+66
10
0.15
50
38
54
49
0.916667
0.166667
0.583333
1
0.85
0.9625
-6.27744e+66
10
0.15
37
53
54
49
0.916667
0.25
0.416667
1
0.85
0.9625
-6.27744e+66
10
0.15
37
54
38
49
0.833333
0.25
0.5
1
0.85
0.9625
-6.27744e+66
10
0.15
34
38
50
33
0.75
0.0833333
0.583333
1
0.85
0.9625
-6.27744e+66
10
0.15
49
50
38
33
0.833333
0.0833333
0.5
1
0.85
0.9625
-6.27744e+66
10
0.15
49
38
37
33
0.75
0.166667
0.416667
1
0.85
0.9625
-6.27744e+66
10
0.15
51
39
55
50
0.916667
0.166667
0.916667
1
0.85
0.9625
-6.27744e+66
10
0.15
38
54
55
50
0.916667
0.25
0.75
1
0.85
0.9625
-6.27744e+66
10
0.15
38
55
39
50
0.833333
0.25
0.833333
1
0.85
0.9625
-6.27744e+66
10
0.15
35
39
51
34
0.75
0.0833333
0.916667
1
0.85
0.9625
-6.27744e+66
10
0.15
50
51
39
34
0.833333
0.0833333
0.833333
1
0.85
0.9625
-6.27744e+66
10
0.15
50
39
38
34
0.75
0.166667
0.75
1
0.85
0.9625
-6.27744e+66
10
0.15
53
41
57
52
0.916667
0.5
0.25
1
0.85
0.9625
-6.27744e+66
10
0.15
40
56
57
52
0.916667
0.583333
0.0833333
1
0.85
0.9625
-6.27744e+66
10
0.15
40
57
41
52
0.833333
0.583333
0.166667
1
0.85
0.9625
-6.27744e+66
10
0.15
37
41
53
36
0.75
0.416667
0.25
1
0.85
0.9625
-6.27744e+66
10
0.15
52
53
41
36
0.833333
0.416667
0.166667
1
0.85
0.9625
-6.27744e+66
10
0.15
52
41
40
36
0.75
0.5
0.0833333
1
0.85
0.9625
-6.27744e+66
10
0.15
54
42
58
53
0.916667
0.5
0.583333
1
0.85
0.9625
-6.27744e+66
10
0.15
41
57
58
53
0.916667
0.583333
0.416667
1
0.85
0.9625
-6.27744e+66
10
0.15
41
58
42
53
0.833333
0.583333
0.5
1
0.85
0.9625
-6.27744e+66
10
0.15
38
42
54
37
0.75
0.416667
0.583333
1
0.85
0.9625
-6.27744e+66
10
0.15
53
54
42
37
0.833333
0.416667
0.5
1
0.85
0.9625
-6.27744e+66
10
0.15
53
42
41
37
0.75
0.5
0.416667
1
0.85
0.9625
-6.27744e+66
10
0.15
55
43
59
54
0.916667
0.5
0.916667
1
0.85
0.9625
-6.27744e+66
10
0.15
42
58
59
54
0.916667
0.583333
0.75
1
0.85
0.9625
-6.27744e+66
10
0.15
42
59
43
54
0.833333
0.583333
0.833333
1
0.85
0.9625
-6.27744e+66
10
0.15
39
43
55
38
0.75
0.416667
0.916667
1
0.85
0.9625
-6.27744e+66
10
0.15
54
55
43
38
0.833333
0.416667
0.833333
1
0.85
0.9625
-6.27744e+66
10
0.15
54
43
42
38
0.75
0.5
0.75
1
0.85
0.9625
-6.27744e+66
10
0.15
57
45
61
56
0.916667
0.833333
0.25
1
0.85
0.9625
-6.27744e+66
10
0.15
44
60
61
56
0.916667
0.916667
0.0833333
1
0.85
0.9625
-6.27744e+66
10
0.15
44
61
45
56
0.833333
0.916667
0.166667
1
0.85
0.9625
-6.27744e+66
10
0.15
41
45
57
40
0.75
0.75
0.25
1
0.85
0.9625
-6.27744e+66
10
0.15
56
57
45
40
0.833333
0.75
0.166667
1
0.85
0.9625
-6.27744e+66
10
0.15
56
45
44
40
0.75
0.833333
0.0833333
1
0.85
0.9625
-6.27744e+66
10
0.15
58
46
62
57
0.916667
0.833333
0.583333
1
0.85
0.9625
-6.27744e+66
10
0.15
45
61
62
57
0.916667
0.916667
0.416667
1
0.85
0.9625
-6.27744e+66
10
0.15
45
62
46
57
0.833333
0.916667
0.5
1
0.85
0.9625
-6.27744e+66
10
0.15
42
46
58
41
0.75
0.75
0.583333
1
0.85
0.9625
-6.27744e+66
10
0.15
57
58
46
41
0.833333
0.75
0.5
1
0.85
0.9625
-6.27744e+66
10
0.15
57
46
45
41
0.75
0.833333
0.416667
1
0.85
0.9625
-6.27744e+66
10
0.15
59
47
63
58
0.916667
0.833333
0.916667
1
0.85
0.9625
-6.27744e+66
10
0.15
46
62
63
58
0.916667
0.916667
0.75
1
0.85
0.9625
-6.27744e+66
10
0.15
46
63
47
58
0.833333
0.916667
0.833333
1
0.85
0.9625
-6.27744e+66
10
0.15
43
47
59
42
0.75
0.75
0.916667
1
0.85
0.9625
-6.27744e+66
10
0.15
58
59
47
42
0.833333
0.75
0.833333
1
0.85
0.9625
-6.27744e+66
10
0.15
58
47
46
42
0.75
0.833333
0.75
1
0.85
0.9625
-6.27744e+66
10
0.15
4
0
5
-0.111111
0
0
0
0.222222
0.111111
1
5
0
-0.111111
-0
0
0
0.111111
0.222222
48
52
53
0.111111
0
0
1
0.222222
0.111111
49
48
53
0.111111
0
0
1
0.111111
0.222222
5
1
6
-0.111111
0
0
0
0.222222
0.444444
2
6
1
-0.111111
-0
0
0
0.111111
0.555556
49
53
54
0.111111
0
0
1
0.222222
0.444444
50
49
54
0.111111
0
0
1
0.111111
0.555556
6
2
7
-0.111111
0
0
0
0.222222
0.777778
3
7
2
-0.111111
-0
0
0
0.111111
0.888889
50
54
55
0.111111
0
0
1
0.222222
0.777778
51
50
55
0.111111
0
0
1
0.111111
0.888889
8
4
9
-0.111111
0
0
0
0.555556
0.111111
5
9
4
-0.111111
-0
0
0
0.444444
0.222222
52
56
57
0.111111
0
0
1
0.555556
0.111111
53
52
57
0.111111
0
0
1
0.444444
0.222222
9
5
10
-0.111111
0
0
0
0.555556
0.444444
6
10
5
-0.111111
-0
0
0
0.444444
0.555556
53
57
58
0.111111
0
0
1
0.555556
0.444444
54
53
58
0.111111
0
0
1
0.444444
0.555556
10
6
11
-0.111111
0
0
0
0.555556
0.777778
7
11
6
-0.111111
-0
0
0
0.444444
0.888889
54
58
59
0.111111
0
0
1
0.555556
0.777778
55
54
59
0.111111
0
0
1
0.444444
0.888889
12
8
13
-0.111111
0
0
0
0.888889
0.111111
9
13
8
-0.111111
-0
0
0
0.777778
0.222222
56
60
61
0.111111
0
0
1
0.888889
0.111111
57
56
61
0.111111
0
0
1
0.777778
0.222222
13
9
14
-0.111111
0
0
0
0.888889
0.444444
10
14
9
-0.111111
-0
0
0
0.777778
0.555556
57
61
62
0.111111
0
0
1
0.888889
0.444444
58
57
62
0.111111
0
0
1
0.777778
0.555556
14
10
15
-0.111111
0
0
0
0.888889
0.777778
11
15
10
-0.111111
-0
0
0
0.777778
0.888889
58
62
63
0.111111
0
0
1
0.888889
0.777778
59
58
63
0.111111
0
0
1
0.777778
0.888889
16
0
17
0
-0.111111
-0
0.222222
0
0.111111
0
1
17
0
-0.111111
0
0.111111
0
0.222222
12
28
29
0
0.111111
0
0.222222
1
0.111111
12
29
13
0
0.111111
0
0.111111
1
0.222222
17
1
18
0
-0.111111
-0
0.222222
0
0.444444
1
2
18
0
-0.111111
0
0.111111
0
0.555556
13
29
30
0
0.111111
0
0.222222
1
0.444444
13
30
14
0
0.111111
0
0.111111
1
0.555556
18
2
19
0
-0.111111
-0
0.222222
0
0.777778
2
3
19
0
-0.111111
0
0.111111
0
0.888889
14
30
31
0
0.111111
0
0.222222
1
0.777778
14
31
15
0
0.111111
0
0.111111
1
0.888889
32
16
33
0
-0.111111
-0
0.555556
0
0.111111
16
17
33
0
-0.111111
0
0.444444
0
0.222222
28
44
45
0
0.111111
0
0.555556
1
0.111111
28
45
29
0
0.111111
0
0.444444
1
0.222222
33
17
34
0
-0.111111
-0
0.555556
0
0.444444
17
18
34
0
-0.111111
0
0.444444
0
0.555556
29
45
46
0
0.111111
0
0.555556
1
0.444444
29
46
30
0
0.111111
0
0.444444
1
0.555556
34
18
35
0
-0.111111
-0
0.555556
0
0.777778
18
19
35
0
-0.111111
0
0.444444
0
0.888889
30
46
47
0
0.111111
0
0.555556
1
0.777778
30
47
31
0
0.111111
0
0.444444
1
0.888889
48
32
49
0
-0.111111
-0
0.888889
0
0.111111
32
33
49
0
-0.111111
0
0.777778
0
0.222222
44
60
61
0
0.111111
0
0.888889
1
0.111111
44
61
45
0
0.111111
0
0.777778
1
0.222222
49
33
50
0
-0.111111
-0
0.888889
0
0.444444
33
34
50
0
-0.111111
0
0.777778
0
0.555556
45
61
62
0
0.111111
0
0.888889
1
0.444444
45
62
46
0
0.111111
0
0.777778
1
0.555556
50
34
51
0
-0.111111
-0
0.888889
0
0.777778
34
35
51
0
-0.111111
0
0.777778
0
0.888889
46
62
63
0
0.111111
0
0.888889
1
0.777778
46
63
47
0
0.111111
0
0.777778
1
0.888889
16
0
4
0
0
-0.111111
0.111111
0.111111
0
16
4
20
0
-0
-0.111111
0.222222
0.222222
0
3
19
7
0
0
0.111111
0.111111
0.111111
1
19
23
7
0
0
0.111111
0.222222
0.222222
1
20
4
8
0
0
-0.111111
0.111111
0.444444
0
20
8
24
0
-0
-0.111111
0.222222
0.555556
0
7
23
11
0
0
0.111111
0.111111
0.444444
1
23
27
11
0
0
0.111111
0.222222
0.555556
1
24
8
12
0
0
-0.111111
0.111111
0.777778
0
24
12
28
0
-0
-0.111111
0.222222
0.888889
0
11
27
15
0
0
0.111111
0.111111
0.777778
1
27
31
15
0
0
0.111111
0.222222
0.888889
1
32
16
20
0
0
-0.111111
0.444444
0.111111
0
32
20
36
0
-0
-0.111111
0.555556
0.222222
0
19
35
23
0
0
0.111111
0.444444
0.111111
1
35
39
23
0
0
0.111111
0.555556
0.222222
1
36
20
24
0
0
-0.111111
0.444444
0.444444
0
36
24
40
0
-0
-0.111111
0.555556
0.555556
0
23
39
27
0
0
0.111111
0.444444
0.444444
1
39
43
27
0
0
0.111111
0.555556
0.555556
1
40
24
28
0
0
-0.111111
0.444444
0.777778
0
40
28
44
0
-0
-0.111111
0.555556
0.888889
0
27
43
31
0
0
0.111111
0.444444
0.777778
1
43
47
31
0
0
0.111111
0.555556
0.888889
1
48
32
36
0
0
-0.111111
0.777778
0.111111
0
48
36
52
0
-0
-0.111111
0.888889
0.222222
0
35
51
39
0
0
0.111111
0.777778
0.111111
1
51
55
39
0
0
0.111111
0.888889
0.222222
1
52
36
40
0
0
-0.111111
0.777778
0.444444
0
52
40
56
0
-0
-0.111111
0.888889
0.555556
0
39
55
43
0
0
0.111111
0.777778
0.444444
1
55
59
43
0
0
0.111111
0.888889
0.555556
1
56
40
44
0
0
-0.111111
0.777778
0.777778
0
56
44
60
0
-0
-0.111111
0.888889
0.888889
0
43
59
47
0
0
0.111111
0.777778
0.777778
1
59
63
47
0
0
0.111111
0.888889
0.888889
1
